logFC	AveExpr	t	P.Value	adj.P.Val	B
CFH	1.25611921198245	4.84551898440439	6.83356995019789	4.36222565794507e-08	0.00102599547474868	8.28971559907355
CXCL6	2.67296324607027	6.43324403824728	6.18667598207832	3.29389392355257e-07	0.00378729899460586	6.47360809806476
IL13RA2	2.06002955259933	5.24494885542781	5.97316605575622	6.44098468470385e-07	0.00378729899460586	5.86858044068875
CFH /// CFHR1	1.38765180433328	6.58217140330457	5.70325796638527	1.50451695043542e-06	0.00448549990825306	5.10171118801084
S100A8	2.06797167111805	7.06932508330767	5.65160466956818	1.76965782772899e-06	0.00462470578979842	4.95483152011303
S100A12	2.56132566209696	5.3861426069359	5.45952952384313	3.23452241671652e-06	0.00674236009386223	4.40871449745227
S100A4	1.29072996148151	8.67833834476356	5.39993658680425	3.89919877893056e-06	0.00674236009386223	4.23937829065223
CMTM2	1.3757329133315	5.12102270192967	5.39073492917754	4.0133095796799e-06	0.00674236009386223	4.2132386703764
MMP1	2.23928143677646	10.527249979711	5.35830253036523	4.44267261104531e-06	0.00696611065411905	4.12112455522022
MNDA	2.43872759088248	6.0220573192364	5.28066394007116	5.66535856124005e-06	0.00776484303697297	3.90075183411454
IL11	1.27221565077474	5.34888665244487	5.25982909372037	6.04698232550141e-06	0.00776484303697297	3.84165116153471
FCGR3B	2.15646240892613	7.20967675878229	5.23574653555136	6.52003851216253e-06	0.00776484303697297	3.77336057531504
FCGR3A /// FCGR3B	2.08684531882633	5.83744369556898	5.18767308256819	7.57712490257285e-06	0.00776484303697297	3.63711852663659
AQP9	2.20769691677518	7.06125657103049	5.16029780701021	8.25344710562603e-06	0.00776484303697297	3.55958735453643
FPR1	1.37792258411517	5.54822439004654	5.12948457059676	9.08664698042514e-06	0.00778068096044067	3.47236798977561
PRKCDBP	1.21832075327705	5.45222777264277	5.11896448912961	9.38982397468076e-06	0.00778068096044067	3.44260248556073
COL4A2	1.12809484795692	7.72502394921253	5.1120838450753	9.5935266944209e-06	0.00778068096044067	3.42313794997943
FCN1	1.62434047301752	4.84998740067194	5.07069828572296	1.09146409858228e-05	0.00807558016973899	3.3061248196437
CTHRC1	2.17508384987237	6.49962474382328	5.06857222008961	1.09871839044068e-05	0.00807558016973899	3.3001165645858
TMEM45A	1.42753012288871	5.65257830055281	5.02358696499729	1.26393076780944e-05	0.00849361475967943	3.17306037325978
TREM1	1.99718845730929	5.9845401132231	4.98189431915375	1.43894155332283e-05	0.00898836341660122	3.05543377015822
PROK2	2.40346637433299	4.60972451761392	4.9418678551236	1.62948586039553e-05	0.00898836341660122	2.94263494187085
CSGALNACT1	1.75157848976719	5.36915006413606	4.93634881878005	1.65764856449912e-05	0.00898836341660122	2.92709197496984
TNFAIP6	2.56566199448908	6.16749618321992	4.9218927057675	1.7337211830235e-05	0.00898836341660122	2.88639218951571
COL7A1	1.01033723870389	6.06092008199047	4.91907921909801	1.74892359574346e-05	0.00898836341660122	2.87847316777742
SLC2A14 /// SLC2A3	1.51193582463971	5.88940219001103	4.91673396975979	1.76169674719039e-05	0.00898836341660122	2.87187259996816
CXCR2	2.11039749395253	5.98431028169844	4.91049213425571	1.79614405008613e-05	0.00898836341660122	2.85430764764798
S100A9	1.92668410433624	8.43559913469021	4.82743507858464	2.32321734646269e-05	0.00980091155699724	2.62091798577352
C5AR1	1.65999133188123	5.6124063320961	4.80300943920619	2.50549819336158e-05	0.00980091155699724	2.55240912473012
G0S2	1.87646376912863	7.72899920763329	4.78609946087055	2.63990369639855e-05	0.00980091155699724	2.5050160545958
COL12A1	1.12584791163847	4.35048511573003	4.78501713748206	2.64874496854077e-05	0.00980091155699724	2.50198368143079
LILRB2	1.469138164082	5.09984976031646	4.78165700591909	2.67638004727208e-05	0.00980091155699724	2.49257030517831
CSF3R	1.3177568522938	6.22362790938165	4.77492017590256	2.73264759517128e-05	0.00980091155699724	2.47370076135648
ITGA5	1.05805685876167	6.78737624501299	4.77438717315031	2.73714893495507e-05	0.00980091155699724	2.47220805300167
SLC2A3	1.45446682409564	5.90252264517094	4.75341624974355	2.92018939632373e-05	0.00980091155699724	2.41350207655023
TLR2	1.19046263005075	6.08926939815533	4.75063034788727	2.94539815723285e-05	0.00980091155699724	2.40570685302922
NCF2	1.64508611821929	5.67866139874591	4.7502588235964	2.94877616932568e-05	0.00980091155699724	2.40466735702391
SELE	2.2473075884186	5.20587736436126	4.74505183930232	2.9965242693157e-05	0.00980091155699724	2.39010023606806
VNN2	1.54540711082511	5.78689914857457	4.73294650575439	3.1105016441502e-05	0.00980091155699724	2.35624595784966
RGS2	1.42701884117016	9.44551448193162	4.73140799795723	3.12529067506289e-05	0.00980091155699724	2.35194448956098
TLR1	1.34963913047927	4.347873042898	4.70626869220898	3.37701655102989e-05	0.0100130216051347	2.28169681354491
FGR	1.22692770820009	5.94149330825558	4.70551879790933	3.3848250647861e-05	0.0100130216051347	2.27960248641471
PTX3	1.67597252576133	3.58123859677739	4.70351386886972	3.40578966161043e-05	0.0100130216051347	2.2740033862125
PXDN	1.20099734701382	6.56441777911763	4.66125208621736	3.87875679943693e-05	0.0107758055883605	2.1560926190707
SELP	1.3118675733162	6.55652717582958	4.61420002567218	4.48178970381568e-05	0.0112315545314279	2.0250791638817
C3AR1	1.01461208436906	6.58149250650226	4.60765084071203	4.57274293450491e-05	0.0112315545314279	2.00686615637987
LDLRAD3	1.05473401247615	4.49492852559815	4.58965151347457	4.83218762010269e-05	0.0117168095695686	1.95684028804193
MCEMP1	1.19200496545385	5.48994725100228	4.58617055890843	4.88401089553223e-05	0.0117216261492773	1.94717065347079
COL4A1	1.37690513145147	7.83978800327735	4.56648945904735	5.1874821067844e-05	0.0122009579151569	1.89253041574335
EGFL6	1.36251515884555	4.56435163734785	4.53754424442293	5.66782630069163e-05	0.0124139755841759	1.81226892016536
RBMS1	1.04788775368574	6.31219551977211	4.53698419338761	5.6775394889449e-05	0.0124139755841759	1.81071714640872
ALOX5AP	1.06211399216026	7.20496173925933	4.53390857864612	5.73117391629021e-05	0.0124139755841759	1.80219612627168
BCL2A1	2.0814195106849	7.21743593263909	4.52967287511799	5.80585592797344e-05	0.0124139755841759	1.79046331126913
CAV1	1.34746647948842	7.42636546730228	4.50661521784149	6.22951047816396e-05	0.0128524637233699	1.72664014001262
TFPI2	1.91357075365913	4.50886574569232	4.47162199077207	6.93120461108306e-05	0.0134728869795598	1.62993173381549
CD93	1.20247752883515	7.07663838365461	4.4494450555766	7.41555432134906e-05	0.0139606156504505	1.56874063233007
VCAN	1.34905900668357	5.56845109812237	4.44808654044667	7.44628285043597e-05	0.0139606156504505	1.56499470447345
IL1RN	1.03043340253304	5.65375226161383	4.44665049018321	7.47890124131276e-05	0.0139606156504505	1.56103530243658
GAS1	1.49169167683395	4.56079315397487	4.43850890575384	7.6665013122941e-05	0.0141981189657604	1.53859397377559
LOXL1	1.21785479704729	5.27599274243556	4.42234648512457	8.05272432833318e-05	0.0144580210841524	1.49407575314599
SELL	1.68316870935912	7.01670790024084	4.40713516947407	8.43364968991651e-05	0.0146484334594811	1.45221621299863
IL6	1.88242875338528	6.37896386796134	4.40571195934879	8.47018261262511e-05	0.0146484334594811	1.44830167899946
CHN1	1.17543949969795	6.22521324520956	4.37330403006749	9.34543192536321e-05	0.0155341769037448	1.35925576569979
TMEM71	1.30107969894173	4.37288422357985	4.36799218529565	9.49712016537152e-05	0.0155341769037448	1.34467766216903
ELTD1	1.3714216840961	5.84148155561833	4.36704648599534	9.52437839162459e-05	0.0155341769037448	1.342082745266
TNFRSF11B	1.30970889816307	5.60035222573128	4.35937295385475	9.74841304169254e-05	0.0155341769037448	1.32103295936024
CLMP	1.07020581221068	5.00270360930222	4.34854389227307	0.000100733975647802	0.0155872572844493	1.29134447032187
COL15A1	1.74099392898957	7.69853602628872	4.34208363700475	0.000102723100185686	0.0155982813553458	1.27364311658208
LOC101928916 /// NNMT	1.42925922043669	7.16003601416936	4.33980739672578	0.000103433098419435	0.0155982813553458	1.26740788537054
TNC	1.00645598243331	4.4161450768947	4.33959725585901	0.000103498887156496	0.0155982813553458	1.26683229959753
IRG1	1.93529430218277	4.93594369139319	4.33770771260866	0.000104092292843062	0.0155982813553458	1.26165710327496
INHBA	1.38977069768326	5.03090452283961	4.32086837513061	0.000109530172417309	0.0159021583657723	1.21556465346614
FAM129A	1.20748437625981	6.33601002450811	4.30906405345962	0.000113507215823709	0.0163784645164027	1.1832844779425
PI15	1.60328854744018	4.93664961837366	4.29775785386712	0.000117449016686102	0.0165387834253944	1.1523903318967
TYROBP	1.19693965702125	7.45213150907842	4.2823621099122	0.000123033056420269	0.0166306752126709	1.11035952674386
OSM	1.07200998447484	5.02972590843095	4.27299652371046	0.000126556358153209	0.0170091745357913	1.08481290292174
FPR2	1.51437480360058	5.17465378654605	4.26317230463401	0.000130358409548542	0.0170334988476761	1.05803308100596
IL24	1.60403572500759	5.38127442287871	4.26037807383836	0.000131460085440503	0.0170825481191195	1.05041964784552
CXCL8	2.29721619871439	8.43547855474159	4.25815687879301	0.00013234233263378	0.0170833402041867	1.04436862882791
STC1	1.15027780419968	5.0450947798992	4.25317773860963	0.000134341143732639	0.0171617408828075	1.03080780520377
PTGS2	2.23610259064982	5.60884543371759	4.24454332819894	0.000137877625799986	0.017328134741481	1.00730308291156
CARD6	1.24981890533219	6.17352025948024	4.24302897920402	0.000138507199464219	0.017328134741481	1.0031821874077
WNT5A	1.34089084363276	7.44434643068618	4.23540370871689	0.000141720336413759	0.0174780193236662	0.982438839817978
MEOX1	1.07648816681032	4.74959898510449	4.23342255776648	0.00014256702615796	0.0174780193236662	0.97705128990213
SPARCL1	1.27572531526793	8.89870088271154	4.23143640892383	0.000143420821831104	0.0174780193236662	0.971650921212074
SERPINE1	1.00199118521868	4.62314141821383	4.2278851776161	0.000144959899593172	0.0175745197857289	0.96199700198521
AKR1B1	1.13619958207426	7.50133242893387	4.22252377380696	0.000147314165967005	0.0176612455249632	0.94742689242411
C1R	1.03116136573044	7.77470637264679	4.21847605459011	0.000149116326282632	0.017713212091755	0.936430611618676
MMP3	2.19323469029379	9.88282744120593	4.20337989575673	0.000156029823323719	0.01816743289393	0.895448283713449
GPR84	1.23877427489016	4.16305659714099	4.18935845543651	0.000162731457382821	0.0187429275710689	0.857424668840308
GPR116	1.07026518105986	5.46595245150572	4.18882919754392	0.000162989857472797	0.0187429275710689	0.855990199489151
SPP1	1.19378633569691	4.76428067804881	4.15424633258143	0.000180772809594462	0.01976869919946	0.762384038145991
FCER1G	1.37217767447824	6.82266654930339	4.14774342812251	0.000184322340511172	0.019839046961795	0.744810376639526
APOBEC3A /// APOBEC3A_B	1.72866281746504	5.95830379103632	4.14083436025615	0.000188168184618037	0.0199435683517337	0.726148893453334
RGS18	1.13974013776324	3.8168605352728	4.13007389923945	0.000194314487923862	0.0203123411376411	0.697105011617455
TIMP1	1.15077042950468	9.89028261112937	4.11818034667762	0.000201336244796547	0.020689144523596	0.665031731532908
LGALS1	1.17912665419153	9.06866517136457	4.11750270507569	0.000201743689310703	0.020689144523596	0.663205260883507
C11orf96	1.3257326281617	7.67765571229458	4.08365129791384	0.000223154920451197	0.02214600729541	0.572092574621568
CEMIP	1.00922951892951	5.70117779094033	4.06799903351989	0.000233789975338026	0.0226775363471965	0.530049932908481
CDH5	1.0150490011083	5.44223887697762	4.06727174603758	0.000234295975015678	0.0226775363471965	0.528097751743899
CXCL5	1.65803221746901	6.19291916794958	4.04376861858024	0.000251235407649409	0.0236590857364205	0.465075731963045
FFAR2	1.49131193710796	4.94303679838575	4.04142789134967	0.000252986413309636	0.0237061372153093	0.45880618275053
HCAR3	2.48655427653171	7.77293653399392	4.0248788892541	0.000265709945346201	0.0240025488817661	0.414516641346698
MEIS2	1.03384749856033	4.97427630521301	4.01019722625452	0.000277518223764629	0.0246310514073361	0.375278379503209
IGFBP3	1.00142269668281	7.44604421937262	4.00681367428403	0.000280311211028384	0.0247302747768567	0.366242724259878
DENND5A	1.01486968472524	5.88670049656826	3.98202574558093	0.000301624344759285	0.0259860973946461	0.30013107979486
COL6A3	1.35865728764326	8.7350420292412	3.97803124517387	0.00030520335495578	0.026198477768467	0.289491275540174
CLEC4A	1.06849214812056	4.79029111948383	3.97113348529385	0.000311481198026936	0.026447789810807	0.271127473517038
ADAMTS1	1.01730342204396	4.45122185158344	3.96656394168503	0.000315709086048708	0.0265073925612612	0.258968463130856
ACKR1	1.10092956695239	6.55125630226976	3.9443398657114	0.000337080671415784	0.0269664537132627	0.199906414599152
FAP	1.07651122123718	4.87221828301376	3.93855938538	0.000342866094143689	0.0271522240210759	0.18456455125546
TUBB6	1.04617574735412	6.67441702504303	3.93211639656042	0.000349428407860275	0.0274868098758317	0.167474238181512
THBS2	1.48765759915442	5.06525172900553	3.91993591319474	0.000362169744391017	0.0280205012765682	0.1351936673371
IL7R	1.24272158082886	7.98293574674089	3.91634630673364	0.000366010022509822	0.0282247728833804	0.125687738715059
SAMSN1	1.06245707720429	5.06526528163343	3.88612088104531	0.000399954452305389	0.0295996013144117	0.0457769341697833
FRMD6	1.00809878027022	5.03605563985742	3.84938122351434	0.000445345592756592	0.031541826056195	-0.0510338556359571
MMRN1	1.26044364035614	3.63507452558208	3.84258863755918	0.00045426848794063	0.0316716155542485	-0.0688931637338639
CCL2	1.50183448990467	6.81450388311834	3.83728792193347	0.0004613518737719	0.0319146943268091	-0.0828213285880475
HCK	1.14029860681529	6.67203577255194	3.82472927786541	0.000478564320309032	0.0325232899317838	-0.115789929846126
PLEK	1.53406896226498	7.24750300232057	3.81662071113227	0.000490006747864628	0.0326826112892364	-0.137053375897654
DSG3	1.34648801556699	4.80468791033952	3.78291471964906	0.000540478811071584	0.0344560746804263	-0.22524657192845
COL5A2	1.45133716205547	6.63738160577148	3.75247407719451	0.000590361801978826	0.036733623234238	-0.304620218161893
MRGPRF	1.00971924233188	5.1106431201642	3.74634802260487	0.000600925796050692	0.0367829710316184	-0.320561683633795
GNLY	1.11703803482817	5.60892868560397	3.73427853353644	0.000622276587598762	0.0375258452126422	-0.351937503114718
PYY	-1.04390663458338	6.04206165751283	-3.73341317871065	0.000623835266927852	0.0375258452126422	-0.354185445060166
LUM	1.18134188785789	7.09202624485294	3.72509588135224	0.000639010246727901	0.0381338944816274	-0.375780185390093
CCL11	1.07899611006496	6.33529145695224	3.71743935605484	0.000653294750081143	0.0381338944816274	-0.395641319724253
CCL4	1.53059816451687	7.65389618726104	3.70662780265385	0.000673992314546794	0.0384764544615063	-0.423657069762149
LY96	1.28653036711054	6.55136927138444	3.64882602673783	0.000795852201998722	0.0429322105298393	-0.572839718618204
CSF2RB	1.32626812953451	7.63313038741526	3.64110993234625	0.00081364729091559	0.0435922193219469	-0.592676902837754
FGF7 /// KGFLP1 /// KGFLP2	1.26209414830983	4.62462795495766	3.60821575469029	0.000893908300636068	0.0461737376867933	-0.67703446920923
FCGR1B	1.11089354099	4.96194415120649	3.60682240410741	0.000897471265871468	0.0461737376867933	-0.680600170571124
CTSK	1.20745877410047	7.75115018352571	3.59596128542731	0.000925717376438932	0.046924294598801	-0.708373398005835
IL1B	1.74450438601742	8.93039615842482	3.57621049268104	0.000979291777278255	0.0486954389039842	-0.758781228902273
CLDN18	1.59701312445369	4.79894406422589	3.56688612365031	0.00100560989720194	0.0496891898648748	-0.782534758271675
TCN1	1.59350549521105	7.37521430700928	3.56688449367546	0.00100561455678913	0.0496891898648748	-0.7825389080939
